Check the data in initial file: 
    File:   /HGST_SATA_8T_3/yycheng/CCLM_starter_test/cclm-sp-v3.1.1/step_by_step/gcm_to_cclm/data/int2lm_output/laf2000010100.nc
    ie_tot =  101   je_tot =  111   ke_tot =   40
    
     var       ee    lev         min      imin   jmin          max      imax   jmax         mean  
  HSURF              8   1  -0.867885E+02   78    9         0.271580E+04    1  111        0.2211651E+03
  FR_LAND           81   1   0.000000E+00   98    1         0.100000E+01    1    1        0.5541137E+00
  Z0                83   1   0.100118E-01    1  111         0.114412E+01   53   49        0.2806841E+00
  SOILTYP           57   1   0.100000E+01   24   94         0.900000E+01   97    1        0.6551244E+01
  PLCOV             87   1   0.000000E+00   20    1         0.799233E+00   86   91        0.4696947E+00
  LAI               61   1   0.000000E+00   20    1         0.129735E+01   86   91        0.7648594E+00
  ROOTDP            62   1   0.000000E+00   20    1         0.194754E+01   31   77        0.7442102E+00
  VIO3              65   1   0.541314E-01    1    1         0.743172E-01  101  111        0.6582652E-01
  HMO3              64   1   0.245847E+04    1    1         0.468954E+04    1  111        0.4113976E+04
  U                 33   1  -0.244543E+01  101    1         0.525484E+02    8   98        0.2090215E+02
  U                 33   2  -0.278075E+01    7   40         0.484976E+02    1   99        0.1777837E+02
  U                 33   3  -0.539917E+01   22   43         0.490771E+02    1   98        0.1665369E+02
  U                 33   4  -0.774858E+01   15   38         0.478458E+02    1  101        0.1636679E+02
  U                 33   5  -0.102211E+02   21   39         0.428678E+02    1   97        0.1660795E+02
  U                 33   6  -0.131612E+02   26   39         0.437973E+02   11    1        0.1704636E+02
  U                 33   7  -0.139503E+02    1   29         0.446981E+02    1   85        0.1699314E+02
  U                 33   8  -0.205388E+02   43   48         0.481073E+02    3   82        0.1657101E+02
  U                 33   9  -0.279767E+02   42   44         0.558782E+02    5   81        0.1596471E+02
  U                 33  10  -0.338270E+02   31   32         0.604085E+02  101   60        0.1504087E+02
  U                 33  11  -0.341217E+02   29   30         0.633991E+02   16   83        0.1422511E+02
  U                 33  12  -0.319007E+02   40   39         0.668699E+02    5   82        0.1343757E+02
  U                 33  13  -0.283716E+02   39   39         0.705073E+02    5   82        0.1256995E+02
  U                 33  14  -0.246961E+02   26   26         0.705383E+02    5   82        0.1165429E+02
  U                 33  15  -0.227745E+02   22   25         0.670498E+02    6   81        0.1072960E+02
  U                 33  16  -0.206578E+02    1   19         0.631761E+02    6   81        0.9882200E+01
  U                 33  17  -0.213580E+02    1   19         0.604904E+02    7   81        0.9250015E+01
  U                 33  18  -0.204469E+02    2   18         0.579879E+02    7   80        0.8696939E+01
  U                 33  19  -0.191710E+02    4   19         0.550093E+02    5   79        0.8034077E+01
  U                 33  20  -0.178347E+02    5   19         0.518770E+02    4   79        0.7339724E+01
  U                 33  21  -0.164076E+02   82   93         0.486326E+02    3   77        0.6760194E+01
  U                 33  22  -0.163763E+02   81   93         0.456125E+02   10   79        0.6208051E+01
  U                 33  23  -0.166967E+02   81   93         0.438759E+02   10   79        0.5636452E+01
  U                 33  24  -0.168692E+02   81   93         0.425025E+02   12   79        0.5096819E+01
  U                 33  25  -0.170184E+02   82   93         0.417306E+02   12   80        0.4621869E+01
  U                 33  26  -0.173674E+02   82   94         0.419203E+02   13   80        0.4159392E+01
  U                 33  27  -0.214662E+02   72   43         0.422856E+02   12   80        0.3727242E+01
  U                 33  28  -0.250822E+02   72   43         0.427308E+02   12   80        0.3366872E+01
  U                 33  29  -0.274905E+02   72   43         0.425600E+02   11   81        0.3107530E+01
  U                 33  30  -0.283884E+02   72   43         0.419258E+02   10   81        0.2868325E+01
  U                 33  31  -0.280396E+02   72   43         0.409438E+02    9   81        0.2587289E+01
  U                 33  32  -0.266518E+02   72   43         0.397547E+02    9   81        0.2266216E+01
  U                 33  33  -0.245571E+02   72   43         0.379946E+02    9   81        0.1947872E+01
  U                 33  34  -0.222205E+02   73   43         0.358313E+02    9   81        0.1684609E+01
  U                 33  35  -0.199681E+02   73   43         0.345998E+02    8   81        0.1530152E+01
  U                 33  36  -0.178672E+02   73   43         0.341361E+02    8   81        0.1456374E+01
  U                 33  37  -0.157242E+02   73   43         0.328981E+02    8   81        0.1388542E+01
  U                 33  38  -0.137866E+02   73   43         0.312518E+02    8   81        0.1333420E+01
  U                 33  39  -0.128279E+02   43  111         0.288635E+02    7   81        0.1276408E+01
  U                 33  40  -0.686309E+01   96   42         0.140436E+02    7   81        0.6502268E+00
  V                 34   1  -0.230019E+02   63   77         0.196679E+02  101   70       -0.2191564E+01
  V                 34   2  -0.227103E+02   66   87         0.182338E+02   99   28       -0.1854705E+01
  V                 34   3  -0.252076E+02   62   89         0.183963E+02   84   16       -0.1218910E+01
  V                 34   4  -0.205513E+02   66   80         0.222701E+02   79   15       -0.8601424E+00
  V                 34   5  -0.251819E+02   59   83         0.277578E+02   85   28       -0.9757100E+00
  V                 34   6  -0.246939E+02   51   64         0.284222E+02   79   29       -0.9443025E+00
  V                 34   7  -0.295086E+02   51   63         0.282407E+02   78   31       -0.1007072E+01
  V                 34   8  -0.382388E+02   48   53         0.323119E+02   79   33       -0.1292188E+01
  V                 34   9  -0.498009E+02   51   58         0.394959E+02   80   36       -0.1511362E+01
  V                 34  10  -0.561972E+02   53   59         0.432317E+02   80   37       -0.1377599E+01
  V                 34  11  -0.584525E+02   54   59         0.424426E+02   79   36       -0.1273233E+01
  V                 34  12  -0.566958E+02   55   59         0.420556E+02   35  111       -0.1103278E+01
  V                 34  13  -0.524305E+02   53   56         0.429701E+02   34  111       -0.9466810E+00
  V                 34  14  -0.475588E+02   55   63         0.415514E+02   38   99       -0.8979253E+00
  V                 34  15  -0.434011E+02   54   64         0.401006E+02   36   99       -0.8063939E+00
  V                 34  16  -0.382086E+02   46   47         0.360030E+02   36   99       -0.6914737E+00
  V                 34  17  -0.350262E+02   46   47         0.324944E+02   78   32       -0.4876860E+00
  V                 34  18  -0.322064E+02   46   47         0.302148E+02   77   36       -0.2288331E+00
  V                 34  19  -0.288637E+02   46   47         0.280492E+02   78   36        0.1399007E-01
  V                 34  20  -0.253611E+02   46   47         0.267534E+02   78   37        0.2406113E+00
  V                 34  21  -0.229795E+02   40   44         0.263034E+02   78   37        0.5110402E+00
  V                 34  22  -0.208711E+02   40   44         0.252894E+02   78   37        0.6851044E+00
  V                 34  23  -0.200066E+02   28   70         0.239326E+02   78   38        0.7535390E+00
  V                 34  24  -0.195310E+02   29   70         0.240577E+02   46  109        0.8252659E+00
  V                 34  25  -0.187672E+02   30   71         0.244594E+02   47  107        0.8553279E+00
  V                 34  26  -0.173370E+02   31   73         0.245539E+02   47  107        0.8030533E+00
  V                 34  27  -0.163240E+02   31   73         0.248307E+02   47  106        0.7119527E+00
  V                 34  28  -0.154260E+02   31   73         0.256338E+02   47  106        0.6865456E+00
  V                 34  29  -0.156268E+02    4   87         0.268858E+02   46  107        0.7740244E+00
  V                 34  30  -0.161850E+02    4   87         0.282943E+02   46  107        0.9149109E+00
  V                 34  31  -0.189912E+02   73   43         0.292354E+02   45  108        0.1008723E+01
  V                 34  32  -0.213573E+02   73   43         0.292012E+02   45  108        0.1050201E+01
  V                 34  33  -0.226518E+02   73   43         0.282701E+02   45  108        0.1029491E+01
  V                 34  34  -0.232306E+02   73   43         0.272813E+02   46  100        0.9597805E+00
  V                 34  35  -0.231670E+02   73   43         0.264845E+02   46   99        0.9102954E+00
  V                 34  36  -0.225121E+02   73   43         0.256302E+02   46   99        0.8855990E+00
  V                 34  37  -0.214063E+02   73   43         0.244362E+02   46   98        0.8704760E+00
  V                 34  38  -0.202547E+02   73   43         0.233216E+02   46   98        0.8770956E+00
  V                 34  39  -0.188282E+02   73   43         0.223219E+02   46   96        0.9238287E+00
  V                 34  40  -0.934551E+01   73   43         0.121836E+02   46   95        0.5311638E+00
  W                 40   1   0.000000E+00    1    1         0.000000E+00    1    1        0.0000000E+00
  W                 40   2  -0.196746E+00   16   95         0.208506E+00   13  110        0.6863955E-03
  W                 40   3  -0.199712E+00   96   39         0.173426E+00    6   86        0.2388366E-03
  W                 40   4  -0.208176E+00    7   96         0.253213E+00   13  110        0.4057463E-03
  W                 40   5  -0.195644E+00    7   96         0.186434E+00   13  110       -0.4466445E-03
  W                 40   6  -0.211496E+00    7   96         0.199618E+00   13  110       -0.5045903E-03
  W                 40   7  -0.194232E+00    7   96         0.183659E+00   16  110        0.1556299E-03
  W                 40   8  -0.186820E+00   77   37         0.200131E+00   16  110        0.1466026E-03
  W                 40   9  -0.179011E+00   77   37         0.195512E+00   16  110        0.9075210E-04
  W                 40  10  -0.183693E+00   55   40         0.176762E+00   13  110        0.4937193E-04
  W                 40  11  -0.185976E+00    7   96         0.186925E+00   71   48        0.6138670E-04
  W                 40  12  -0.176613E+00    7   96         0.210784E+00   72   46        0.3594746E-04
  W                 40  13  -0.179393E+00   22   73         0.235684E+00   72   46        0.6236105E-04
  W                 40  14  -0.192057E+00   22   73         0.256484E+00   72   46        0.1757645E-03
  W                 40  15  -0.167389E+00   55   40         0.270824E+00   72   46        0.3789282E-03
  W                 40  16  -0.157829E+00   77   37         0.282510E+00   72   46        0.5703684E-03
  W                 40  17  -0.160518E+00   29   80         0.290102E+00   72   46        0.7198523E-03
  W                 40  18  -0.162548E+00   26   76         0.283294E+00   72   46        0.8150238E-03
  W                 40  19  -0.163280E+00   26   76         0.274631E+00   72   45        0.9309851E-03
  W                 40  20  -0.169948E+00   58   38         0.268463E+00   72   46        0.8648606E-03
  W                 40  21  -0.177572E+00   58   38         0.267686E+00   72   46        0.6349359E-03
  W                 40  22  -0.175488E+00   58   38         0.267916E+00   72   46        0.4076175E-03
  W                 40  23  -0.173934E+00   58   38         0.265396E+00   72   46        0.2373652E-03
  W                 40  24  -0.183051E+00   58   38         0.256812E+00   72   46        0.1094725E-03
  W                 40  25  -0.184914E+00   58   38         0.248298E+00   72   46        0.1645960E-05
  W                 40  26  -0.179177E+00   58   38         0.240116E+00   72   46       -0.4434233E-04
  W                 40  27  -0.176740E+00   58   38         0.229623E+00   72   46       -0.2771036E-04
  W                 40  28  -0.175125E+00   58   38         0.232277E+00   13  110        0.2560164E-04
  W                 40  29  -0.155399E+00   69   47         0.241535E+00   13  110        0.9816780E-04
  W                 40  30  -0.155305E+00   96   39         0.254508E+00   12  109        0.1673593E-03
  W                 40  31  -0.164880E+00   96   39         0.265688E+00   12  109        0.2169883E-03
  W                 40  32  -0.187862E+00   96   39         0.272306E+00   12  109        0.2307534E-03
  W                 40  33  -0.212022E+00   96   39         0.275074E+00   13  110        0.2213211E-03
  W                 40  34  -0.230931E+00   96   39         0.273728E+00   13  110        0.1824447E-03
  W                 40  35  -0.234089E+00   96   39         0.267339E+00   13  110        0.1149032E-03
  W                 40  36  -0.227103E+00   97   40         0.255592E+00   13  110        0.8745520E-05
  W                 40  37  -0.225797E+00   97   40         0.241458E+00   13  110       -0.1404782E-03
  W                 40  38  -0.220727E+00   97   40         0.227736E+00   13  110       -0.2736912E-03
  W                 40  39  -0.180852E+00   97   40         0.187171E+00   13  109       -0.3105963E-03
  W                 40  40  -0.974795E-01   97   40         0.103299E+00   13  109       -0.1958803E-03
  W                 40  41   0.000000E+00    1    1         0.000000E+00    1    1        0.0000000E+00
  T                 11   1   0.184898E+03   80  111         0.217819E+03   46    3        0.2046053E+03
  T                 11   2   0.187832E+03   54  111         0.214183E+03   53   26        0.2054483E+03
  T                 11   3   0.192035E+03   91  109         0.215071E+03   68   34        0.2065169E+03
  T                 11   4   0.195772E+03   74  111         0.216167E+03   60   40        0.2077758E+03
  T                 11   5   0.198582E+03   85  111         0.218900E+03    5   90        0.2097983E+03
  T                 11   6   0.199978E+03   87  111         0.219223E+03   63   45        0.2118062E+03
  T                 11   7   0.200470E+03   87  109         0.222265E+03   65   34        0.2125381E+03
  T                 11   8   0.199336E+03   83  103         0.224496E+03    6   90        0.2128559E+03
  T                 11   9   0.198407E+03   82  106         0.226234E+03    4   91        0.2135675E+03
  T                 11  10   0.200593E+03   77  100         0.228232E+03    2   93        0.2159793E+03
  T                 11  11   0.205281E+03   83  111         0.232378E+03  101    1        0.2196007E+03
  T                 11  12   0.210697E+03   99  108         0.237654E+03  101    1        0.2237220E+03
  T                 11  13   0.214215E+03  101  106         0.241981E+03  101    1        0.2280549E+03
  T                 11  14   0.214824E+03    1  111         0.246679E+03   74    1        0.2325408E+03
  T                 11  15   0.216264E+03    1  111         0.250855E+03   73    1        0.2369022E+03
  T                 11  16   0.218998E+03    1  111         0.254976E+03  101    1        0.2410518E+03
  T                 11  17   0.221067E+03   19  111         0.260089E+03  101    1        0.2449502E+03
  T                 11  18   0.222551E+03   18  111         0.263447E+03   86    1        0.2485754E+03
  T                 11  19   0.223788E+03   12  111         0.267444E+03   82    1        0.2519348E+03
  T                 11  20   0.225039E+03   12  111         0.271284E+03  101    2        0.2550138E+03
  T                 11  21   0.226812E+03   12  111         0.276042E+03  101    2        0.2578387E+03
  T                 11  22   0.229328E+03   12  111         0.279236E+03  100    1        0.2604503E+03
  T                 11  23   0.232240E+03   12  111         0.280061E+03   98    1        0.2627817E+03
  T                 11  24   0.234969E+03   12  111         0.280116E+03    1   27        0.2648037E+03
  T                 11  25   0.237145E+03   12  111         0.283124E+03    1   28        0.2666151E+03
  T                 11  26   0.238990E+03   12  111         0.285569E+03    1   28        0.2681916E+03
  T                 11  27   0.240638E+03   12  111         0.287811E+03    2   28        0.2695654E+03
  T                 11  28   0.242203E+03   12  111         0.288906E+03    1   28        0.2707350E+03
  T                 11  29   0.243295E+03    1  111         0.289984E+03    9   26        0.2717587E+03
  T                 11  30   0.243891E+03    1  111         0.291616E+03   91   18        0.2727012E+03
  T                 11  31   0.244438E+03    1  111         0.293326E+03   91   18        0.2735436E+03
  T                 11  32   0.244922E+03    1  111         0.294607E+03   91   18        0.2742808E+03
  T                 11  33   0.244325E+03  101   90         0.295492E+03   92   18        0.2748616E+03
  T                 11  34   0.241925E+03  101   92         0.296070E+03   92   18        0.2753252E+03
  T                 11  35   0.241546E+03  101   92         0.296642E+03  101    1        0.2756582E+03
  T                 11  36   0.241714E+03  101   93         0.297080E+03  100    1        0.2758381E+03
  T                 11  37   0.241462E+03    1  111         0.297253E+03   99    1        0.2758569E+03
  T                 11  38   0.240128E+03    1  111         0.297430E+03   99    1        0.2757505E+03
  T                 11  39   0.237666E+03    1  111         0.297660E+03   99    1        0.2754495E+03
  T                 11  40   0.230807E+03    1  111         0.298241E+03   99    1        0.2746916E+03
  PP               139   1  -0.150847E+04   96  111        -0.548418E+03   91    4       -0.8628235E+03
  PP               139   2  -0.177262E+04   96  111        -0.626893E+03   93    1       -0.1022004E+04
  PP               139   3  -0.209665E+04    9  109        -0.637040E+03   93    1       -0.1166916E+04
  PP               139   4  -0.244228E+04    9  109        -0.556339E+03   93    1       -0.1287893E+04
  PP               139   5  -0.279643E+04    9  109        -0.398156E+03   94    1       -0.1379166E+04
  PP               139   6  -0.313941E+04    9  109        -0.205607E+03   94    1       -0.1439913E+04
  PP               139   7  -0.347558E+04    9  109        -0.670840E+01  101    1       -0.1463090E+04
  PP               139   8  -0.379674E+04    9  109         0.209845E+03  101    1       -0.1434418E+04
  PP               139   9  -0.410113E+04    9  109         0.432022E+03  101    1       -0.1351505E+04
  PP               139  10  -0.439744E+04    9  109         0.660194E+03  101    1       -0.1224033E+04
  PP               139  11  -0.467335E+04    9  109         0.882260E+03  101    1       -0.1071375E+04
  PP               139  12  -0.490687E+04    4  107         0.108438E+04  101    1       -0.9077659E+03
  PP               139  13  -0.511785E+04    4  107         0.127931E+04    1   41       -0.7411760E+03
  PP               139  14  -0.526732E+04    4  107         0.152390E+04    1   41       -0.5790900E+03
  PP               139  15  -0.536386E+04    4  107         0.173345E+04    1   41       -0.4260976E+03
  PP               139  16  -0.543125E+04    4  107         0.190465E+04    1   41       -0.2844315E+03
  PP               139  17  -0.548429E+04    4  107         0.203700E+04    1   41       -0.1545945E+03
  PP               139  18  -0.551826E+04    4  107         0.213234E+04    1   41       -0.3620246E+02
  PP               139  19  -0.553004E+04    4  107         0.220121E+04    1   41        0.7253148E+02
  PP               139  20  -0.552490E+04    3  106         0.226115E+04    1   41        0.1729718E+03
  PP               139  21  -0.549873E+04    3  106         0.232493E+04    1   42        0.2668658E+03
  PP               139  22  -0.544213E+04    3  106         0.238439E+04    1   42        0.3560235E+03
  PP               139  23  -0.536683E+04    3  106         0.242999E+04    1   42        0.4413931E+03
  PP               139  24  -0.528767E+04    3  106         0.246792E+04    1   45        0.5252837E+03
  PP               139  25  -0.523612E+04    3  108         0.249865E+04    1   42        0.6088336E+03
  PP               139  26  -0.523248E+04    3  108         0.251885E+04    1   42        0.6925116E+03
  PP               139  27  -0.523417E+04    3  108         0.252631E+04    1   42        0.7764319E+03
  PP               139  28  -0.524117E+04    3  108         0.252645E+04    1   46        0.8600399E+03
  PP               139  29  -0.526388E+04    4  109         0.256566E+04    1   46        0.9430791E+03
  PP               139  30  -0.528660E+04    4  109         0.264077E+04    1   46        0.1023837E+04
  PP               139  31  -0.530499E+04    4  109         0.272355E+04    1   46        0.1100393E+04
  PP               139  32  -0.531875E+04    4  109         0.279616E+04    1   46        0.1171709E+04
  PP               139  33  -0.532857E+04    4  109         0.285727E+04    1   46        0.1236965E+04
  PP               139  34  -0.533403E+04    4  109         0.290896E+04    1   45        0.1295140E+04
  PP               139  35  -0.533542E+04    4  109         0.301427E+04  101  105        0.1345714E+04
  PP               139  36  -0.533420E+04    4  109         0.317158E+04  101  105        0.1388422E+04
  PP               139  37  -0.533142E+04    4  109         0.331102E+04  101  105        0.1423236E+04
  PP               139  38  -0.532768E+04    4  109         0.342682E+04  101  105        0.1450478E+04
  PP               139  39  -0.532339E+04    4  109         0.351815E+04  101  105        0.1471328E+04
  PP               139  40  -0.531706E+04    4  109         0.357938E+04  101  105        0.1487036E+04
  T_SNOW           203   1   0.225732E+03    1  111         0.273150E+03   63   30        0.2601277E+03
  W_I              200   1   0.000000E+00    1    1         0.000000E+00    1    1        0.0000000E+00
  QV_S              51   1   0.948480E-04    1  111         0.205985E-01  101    3        0.5181721E-02
  W_SNOW            65   1   0.000000E+00    1    1         0.500030E+02   10  109        0.5524118E+00
  T_S               85   1   0.225732E+03    1  111         0.298662E+03   99    1        0.2741628E+03
  QV                51   1   0.203644E-05   22  110         0.329367E-05  100    8        0.2664840E-05
  QV                51   2   0.150513E-05   43    4         0.367841E-05   16  111        0.2482791E-05
  QV                51   3   0.100216E-06   22    1         0.355071E-05   15  108        0.1837061E-05
  QV                51   4   0.138738E-07   47  111         0.388242E-05    1  109        0.9041634E-06
  QV                51   5   0.208390E-07   44  111         0.810007E-05   21   39        0.7820275E-06
  QV                51   6   0.146574E-07   87  111         0.158041E-04   90   33        0.2792392E-05
  QV                51   7   0.156060E-07   94  109         0.341019E-04    7    7        0.7672797E-05
  QV                51   8   0.116908E-07   78  107         0.619972E-04   52    1        0.9388369E-05
  QV                51   9   0.241096E-07  100  103         0.740413E-04   59    1        0.1261175E-04
  QV                51  10   0.265122E-07   65   99         0.114367E-03   65    3        0.2288268E-04
  QV                51  11   0.262136E-07   99  102         0.212683E-03   64    4        0.4006395E-04
  QV                51  12   0.303242E-07  100  103         0.360382E-03   66    6        0.6472634E-04
  QV                51  13   0.422531E-07  101  103         0.608188E-03   65    4        0.1017364E-03
  QV                51  14   0.596690E-07  100   92         0.846506E-03   63    3        0.1541354E-03
  QV                51  15   0.709496E-07   18  111         0.103124E-02   61    3        0.2268436E-03
  QV                51  16   0.808357E-07   16  109         0.151424E-02   22    3        0.3187509E-03
  QV                51  17   0.178639E-06   29  101         0.210005E-02   18    1        0.4152360E-03
  QV                51  18   0.257859E-06   30  103         0.262429E-02   10    1        0.5107162E-03
  QV                51  19   0.299230E-06   30  101         0.304542E-02    4    1        0.6119426E-03
  QV                51  20   0.369570E-06   30  101         0.341444E-02    1    1        0.7325905E-03
  QV                51  21   0.526470E-06   31  100         0.381247E-02    1    2        0.8660880E-03
  QV                51  22   0.106188E-05   99  101         0.419787E-02    1    3        0.1002578E-02
  QV                51  23   0.121451E-05   57   94         0.463051E-02    1    4        0.1148809E-02
  QV                51  24   0.167572E-05   54   52         0.516640E-02    2    4        0.1330389E-02
  QV                51  25   0.221250E-05   55   57         0.539399E-02    2    4        0.1530043E-02
  QV                51  26   0.646384E-05   11   66         0.557072E-02    1    5        0.1744838E-02
  QV                51  27   0.255790E-05   84  104         0.593334E-02  101    1        0.1971918E-02
  QV                51  28   0.521467E-06    1  111         0.678837E-02    1   56        0.2219459E-02
  QV                51  29   0.343327E-05    1  110         0.727744E-02    2   56        0.2471932E-02
  QV                51  30   0.109691E-04    1  111         0.779227E-02    4   55        0.2743890E-02
  QV                51  31   0.385972E-04    1  111         0.786560E-02    4   55        0.3034552E-02
  QV                51  32   0.805657E-04    1  111         0.797308E-02    1   56        0.3302655E-02
  QV                51  33   0.100716E-03   91  108         0.820874E-02    1   56        0.3523210E-02
  QV                51  34   0.102472E-03   92  108         0.842456E-02    1   56        0.3688967E-02
  QV                51  35   0.104374E-03   85   95         0.870217E-02    1   56        0.3831098E-02
  QV                51  36   0.125422E-03    1  111         0.104805E-01   86   15        0.3953210E-02
  QV                51  37   0.125895E-03    1  111         0.106776E-01   85   18        0.4081493E-02
  QV                51  38   0.122631E-03    1  111         0.111379E-01   86   19        0.4162952E-02
  QV                51  39   0.989532E-04    1  111         0.112250E-01   86   18        0.4130663E-02
  QV                51  40   0.482957E-04    1  111         0.117526E-01   86   15        0.4038966E-02
  QC                31   1   0.000000E+00    1    1         0.000000E+00    1    1        0.0000000E+00
  QC                31   2   0.000000E+00    1    1         0.000000E+00    1    1        0.0000000E+00
  QC                31   3   0.000000E+00    1    1         0.000000E+00    1    1        0.0000000E+00
  QC                31   4   0.000000E+00    1    1         0.000000E+00    1    1        0.0000000E+00
  QC                31   5   0.000000E+00    1    1         0.000000E+00    1    1        0.0000000E+00
  QC                31   6   0.000000E+00    1    1         0.000000E+00    1    1        0.0000000E+00
  QC                31   7   0.000000E+00    1    1         0.000000E+00    1    1        0.0000000E+00
  QC                31   8   0.000000E+00    1    1         0.573256E-05   20   39        0.1901631E-07
  QC                31   9   0.000000E+00    1    1         0.123095E-04    5   40        0.2610253E-06
  QC                31  10   0.000000E+00    1    1         0.184462E-04    4   40        0.4735116E-06
  QC                31  11   0.000000E+00    1    1         0.320816E-04   64    8        0.8652608E-06
  QC                31  12   0.000000E+00    1    1         0.534509E-04   64    8        0.5903260E-06
  QC                31  13   0.000000E+00    1    1         0.636415E-04   63    8        0.4075801E-06
  QC                31  14   0.000000E+00    1    1         0.677760E-04   60    8        0.2831133E-06
  QC                31  15   0.000000E+00    1    1         0.668816E-04   59    7        0.3869418E-06
  QC                31  16   0.000000E+00    1    1         0.584869E-04   45    8        0.4874441E-06
  QC                31  17   0.000000E+00    1    1         0.783447E-04   16   88        0.5011714E-06
  QC                31  18   0.000000E+00    1    1         0.118329E-03   16   88        0.6048864E-06
  QC                31  19   0.000000E+00    1    1         0.971829E-04   16   88        0.4796395E-06
  QC                31  20   0.000000E+00    1    1         0.811975E-04   22   76        0.4357511E-06
  QC                31  21   0.000000E+00    1    1         0.141253E-03   19   90        0.7968450E-06
  QC                31  22   0.000000E+00    1    1         0.193295E-03   17   90        0.9846307E-06
  QC                31  23   0.000000E+00    1    1         0.232772E-03   17   91        0.9423519E-06
  QC                31  24   0.000000E+00    1    1         0.269345E-03   16   88        0.9489980E-06
  QC                31  25   0.000000E+00    1    1         0.343276E-03   16   88        0.1708729E-05
  QC                31  26   0.000000E+00    1    1         0.441054E-03   17   87        0.2826507E-05
  QC                31  27   0.000000E+00    1    1         0.538613E-03   17   87        0.4594999E-05
  QC                31  28   0.000000E+00    1    1         0.619916E-03   16   84        0.7984670E-05
  QC                31  29   0.000000E+00    1    1         0.632119E-03   62   33        0.8736326E-05
  QC                31  30   0.000000E+00    1    1         0.739346E-03   60   32        0.1026546E-04
  QC                31  31   0.000000E+00    1    1         0.790561E-03   60   32        0.1126446E-04
  QC                31  32   0.000000E+00    1    1         0.753250E-03   60   33        0.6851308E-05
  QC                31  33   0.000000E+00    1    1         0.611452E-03   60   33        0.6092823E-05
  QC                31  34   0.000000E+00    1    1         0.585341E-03   60   34        0.5618195E-05
  QC                31  35   0.000000E+00    1    1         0.579567E-03   60   36        0.6096072E-05
  QC                31  36   0.000000E+00    1    1         0.551767E-03   61   36        0.6487891E-05
  QC                31  37   0.000000E+00    1    1         0.591756E-03   67   33        0.6338430E-05
  QC                31  38   0.000000E+00    1    1         0.607017E-03   67   33        0.7424380E-05
  QC                31  39   0.000000E+00    1    1         0.609140E-03   67   33        0.9122007E-05
  QC                31  40   0.000000E+00    1    1         0.933639E-03   67   32        0.9214178E-05
  T_SO             197   1   0.225795E+03    1  111         0.288387E+03   10    1        0.2675841E+03
  T_SO             197   2   0.226045E+03    1  111         0.288472E+03   10    1        0.2676990E+03
  T_SO             197   3   0.226600E+03    1  111         0.288663E+03   10    1        0.2679554E+03
  T_SO             197   4   0.227685E+03    1  111         0.289034E+03   10    1        0.2684557E+03
  T_SO             197   5   0.229752E+03    1  111         0.289742E+03   10    1        0.2694102E+03
  T_SO             197   6   0.233509E+03    1  111         0.291028E+03   10    1        0.2711438E+03
  T_SO             197   7   0.239717E+03    1  111         0.293154E+03   10    1        0.2740082E+03
  T_SO             197   8   0.248230E+03    1  111         0.296084E+03    9    1        0.2779369E+03
  T_SO             197   9   0.254708E+03   20  111         0.298907E+03    9    1        0.2816903E+03
  T_SO             197  10   0.257727E+03   20  111         0.300490E+03    7    1        0.2837791E+03
  W_SO             198   1   0.000000E+00   24   94         0.690400E-02   29   75        0.2702832E-02
  W_SO             198   2   0.000000E+00   24   94         0.207120E-01   29   75        0.8108551E-02
  W_SO             198   3   0.000000E+00   24   94         0.414240E-01   29   75        0.1621710E-01
  W_SO             198   4   0.000000E+00   24   94         0.874752E-01   29   75        0.3264676E-01
  W_SO             198   5   0.000000E+00   24   94         0.174950E+00   29   75        0.6529351E-01
  W_SO             198   6   0.000000E+00   24   94         0.349901E+00   29   75        0.1305870E+00
  W_SO             198   7   0.000000E+00   24   94         0.699801E+00   29   75        0.2611741E+00
  W_SO             198   8   0.000000E+00   24   94         0.139960E+01   29   75        0.5223481E+00
  W_SO             198   9   0.000000E+00   24   94         0.279921E+01   29   75        0.1044696E+01
  W_SO             198  10   0.163404E-09   20    1         0.559841E+01   29   75        0.2089392E+01
  FRESHSNW         129   1   0.100000E+01    1    1         0.100000E+01    1    1        0.1000000E+01
  FOR_E             75   1   0.000000E+00    1    1         0.794342E+00   86   91        0.1293736E+00
  FOR_D             76   1   0.000000E+00    1    1         0.879308E+00   92   46        0.9295082E-01
  SSO_STDH          46   1   0.634393E+00   42   63         0.109425E+04   99   45        0.1118111E+03
  SSO_GAMMA         47   1   0.000000E+00    1    1         0.995762E+00   62   52        0.7173641E+00
  SSO_THETA         48   1  -0.156990E+01   98   24         0.156953E+01   75   28        0.1344584E-02
  SSO_SIGMA         49   1   0.000000E+00    1    1         0.211845E+00   42   46        0.2301810E-01
  ALB_DRY          127   1   0.122400E+00   70   21         0.492500E+00   62    2        0.2680313E+00
  ALB_SAT          128   1   0.612000E-01   70   21         0.382500E+00   62    2        0.1684336E+00
   
   
   
   
   
   
   
   
   
   
